281x281
maskPath    = M15 0 A15 15 0 0 0 0 15 L0 266 A15 15 0 0 0 15 281 L266 281 A15 15 0 0 0 281 266 L281 15 A15 15 0 0 0 266 0  Z 
clipPath    = M15 0 A15 15 0 0 0 0 15 L0 266 A15 15 0 0 0 15 281 L266 281 A15 15 0 0 0 281 266 L281 15 A15 15 0 0 0 266 0  Z 
maskedPath  = M15 0 A15 15 0 0 0 0 15 L0 266 A15 15 0 0 0 15 281 L266 281 A15 15 0 0 0 281 266 L281 15 A15 15 0 0 0 266 0  Z 
clippedPath = M15 0 A15 15 0 0 0 0 15 L0 266 A15 15 0 0 0 15 281 L266 281 A15 15 0 0 0 281 266 L281 15 A15 15 0 0 0 266 0  Z 
Output:       M15 0 A15 15 0 0 0 0 15 L0 266 A15 15 0 0 0 15 281 L266 281 A15 15 0 0 0 281 266 L281 15 A15 15 0 0 0 266 0 Z
499x281
maskPath    = M15 0 A15 15 0 0 0 0 15 L0 266 A15 15 0 0 0 15 281 L484 281 A15 15 0 0 0 499 266 L499 15 A15 15 0 0 0 484 0  Z 
clipPath    = M15 0 A15 15 0 0 0 0 15 L0 266 A15 15 0 0 0 15 281 L484 281 A15 15 0 0 0 499 266 L499 15 A15 15 0 0 0 484 0  Z 
maskedPath  = M15 0 A15 15 0 0 0 0 15 L0 266 A15 15 0 0 0 15 281 L484 281 A15 15 0 0 0 499 266 L499 15 A15 15 0 0 0 484 0  Z 
clippedPath = M15 0 A15 15 0 0 0 0 15 L0 266 A15 15 0 0 0 15 281 L484 281 A15 15 0 0 0 499 266 L499 15 A15 15 0 0 0 484 0  Z 
Output:       M15 0 A15 15 0 0 0 0 15 L0 266 A15 15 0 0 0 15 281 L484 281 A15 15 0 0 0 499 266 L499 15 A15 15 0 0 0 484 0 Z

177x314
maskPath    = M15 0 A15 15 0 0 0 0 15 L0 299 A15 15 0 0 0 15 314 L162 314 A15 15 0 0 0 177 299 L177 15 A15 15 0 0 0 162 0  Z 
clipPath    = M15 0 A15 15 0 0 0 0 15 L0 299 A15 15 0 0 0 15 314 L162 314 A15 15 0 0 0 177 299 L177 15 A15 15 0 0 0 162 0  Z 
maskedPath  = M15 0 A15 15 0 0 0 0 15 L0 299 A15 15 0 0 0 15 314 L162 314 A15 15 0 0 0 177 299 L177 15 A15 15 0 0 0 162 0  Z 
clippedPath = M15 0 A15 15 0 0 0 0 15 L0 299 A15 15 0 0 0 15 314 L162 314 A15 15 0 0 0 177 299 L177 15 A15 15 0 0 0 162 0  Z 
Output:       M15 0 A15 15 0 0 0 0 15 L0 299 A15 15 0 0 0 15 314 L162 314 A15 15 0 0 0 177 299 L177 15 A15 15 0 0 0 162 0 Z

